,Country,Year,Basic service,Limited service,Safely managed service,Surface water,Unimproved
0,Afghanistan,2009,45.819089999999996,4.88581,,18.04309,31.25202
1,Afghanistan,2010,48.356359999999995,4.7826900000000006,,17.14339,29.717560000000002
2,Afghanistan,2011,50.92731,4.6481,,16.24475,28.179840000000002
3,Afghanistan,2012,53.5317,4.48193,,15.34736,26.639
4,Afghanistan,2013,56.16965,4.28411,,14.451239999999999,25.095010000000002
5,Afghanistan,2014,58.84123,4.05455,,13.556379999999999,23.547839999999997
6,Albania,2009,27.80578,8.67947,60.04764,0.15548,3.3116299999999996
7,Albania,2010,25.83363,8.65207,61.97765999999999,0.06435,3.4722899999999997
8,Albania,2011,23.831239999999998,8.627130000000001,63.9291,0.0,3.612530000000001
9,Albania,2012,21.959039999999998,8.44485,65.90139,0.0,3.6947099999999993
10,Albania,2013,21.56775,6.755300000000001,67.89334000000001,0.0,3.78361
11,Albania,2014,21.0775,5.13986,69.9037,0.0,3.87894
12,Algeria,2009,92.15713999999998,5.31775,,0.28373000000000004,2.24138
13,Algeria,2010,92.38947,5.29709,,0.26729,2.04615
14,Algeria,2011,92.61646,5.27685,,0.25149,1.8551900000000001
15,Algeria,2012,92.83835,5.25701,,0.23630000000000004,1.66835
16,Algeria,2013,93.05519,5.23761,,0.2217,1.4855
17,Algeria,2014,93.26727,5.21858,,0.20765999999999998,1.3064799999999999
18,Angola,2009,49.575160000000004,15.486460000000001,,21.62685,13.31153
19,Angola,2010,50.376839999999994,14.80773,,20.84862,13.9668
20,Angola,2011,51.174839999999996,14.125720000000001,,20.06877,14.630679999999998
21,Angola,2012,51.96854,13.440610000000001,,19.287689999999998,15.303170000000001
22,Angola,2013,52.75735,12.75258,,18.5058,15.984279999999998
23,Angola,2014,53.541509999999995,12.061910000000003,,17.72276,16.673820000000003
24,Antigua and Barbuda,2009,97.20521000000001,0.0,,0.09447,2.70032
25,Antigua and Barbuda,2010,97.0887,0.0,,0.09447,2.81683
26,Antigua and Barbuda,2011,96.9722,0.0,,0.09447,2.93334
27,Antigua and Barbuda,2012,96.85569,0.0,,0.09447,3.04984
28,Antigua and Barbuda,2013,96.73919000000001,0.0,,0.09447,3.16635
29,Antigua and Barbuda,2014,96.73919000000001,0.0,,0.09447,3.16635
30,Argentina,2009,98.26406000000001,0.0,,0.63446,1.10148
31,Argentina,2010,98.46805,0.0,,0.5857100000000001,0.9462299999999999
32,Argentina,2011,98.66657,0.0,,0.5391199999999999,0.7943000000000001
33,Argentina,2012,98.86074,0.0,,0.49418,0.64508
34,Argentina,2013,98.93041,0.0,,0.37951,0.69008
35,Argentina,2014,99.00025,0.0,,0.37396,0.62579
36,Armenia,2009,39.789559999999994,0.85372,58.14978,0.17457,1.03237
37,Armenia,2010,36.5592,0.70615,61.70686,0.17061,0.85719
38,Armenia,2011,33.32956,0.55693,65.26573,0.16662000000000002,0.6811599999999999
39,Armenia,2012,30.1006,0.40605,68.82645,0.16261,0.5043
40,Armenia,2013,26.870629999999995,0.25337,72.391,0.15847,0.32653000000000004
41,Armenia,2014,23.63202,0.10436,75.96124,0.0,0.30238000000000004
42,Australia,2009,99.86367,0.0,,0.0,0.13633
43,Australia,2010,99.88462,0.0,,0.0,0.11538
44,Australia,2011,99.9054,0.0,,0.0,0.0946
45,Australia,2012,99.926,0.0,,0.0,0.07400000000000001
46,Australia,2013,99.94644999999998,0.0,,0.0,0.05355000000000001
47,Australia,2014,99.96148000000001,0.0,,0.0,0.03852
48,Austria,2009,1.53988,0.0,98.46012,0.0,0.0
49,Austria,2010,1.45697,0.0,98.54303,0.0,0.0
50,Austria,2011,1.37406,0.0,98.62594,0.0,0.0
51,Austria,2012,1.29115,0.0,98.70885,0.0,0.0
52,Austria,2013,1.20824,0.0,98.79177,0.0,0.0
53,Austria,2014,1.12533,0.0,98.87468,0.0,0.0
54,Azerbaijan,2009,19.83465,2.55605,66.08279,5.26806,6.25845
55,Azerbaijan,2010,17.90545,2.5838200000000002,68.70055,4.7205699999999995,6.0896
56,Azerbaijan,2011,16.97193,2.6104700000000003,70.32202,4.17601,5.919569999999999
57,Azerbaijan,2012,17.1285,2.63596,70.85237,3.63479,5.74838
58,Azerbaijan,2013,17.27918,2.6602,71.38736,3.0973,5.57598
59,Azerbaijan,2014,17.424,2.6832,71.92628,2.56402,5.4025
60,Bahamas,2009,98.63037000000001,0.0,,0.0,1.36963
61,Bahamas,2010,98.67314,0.0,,0.0,1.32686
62,Bahamas,2011,98.71589999999999,0.0,,0.0,1.2841
63,Bahamas,2012,98.75867,0.0,,0.0,1.2413299999999998
64,Bahamas,2013,98.80143000000002,0.0,,0.0,1.1985700000000001
65,Bahamas,2014,98.8442,0.0,,0.0,1.1558
66,Bahrain,2009,1.01662,0.0,98.97215999999999,0.0,0.01121
67,Bahrain,2010,1.01673,0.0,98.98215,0.0,0.00112
68,Bahrain,2011,1.01674,0.0,98.98326000000002,0.0,0.0
69,Bahrain,2012,1.01674,0.0,98.98326000000002,0.0,0.0
70,Bahrain,2013,1.01674,0.0,98.98326000000002,0.0,0.0
71,Bahrain,2014,1.01674,0.0,98.98326000000002,0.0,0.0
72,Bangladesh,2009,40.59472,1.03305,55.78184000000001,1.5484200000000001,1.04197
73,Bangladesh,2010,40.71171,1.10335,55.748160000000006,1.4665100000000002,0.9702700000000001
74,Bangladesh,2011,40.82858,1.1745,55.71108,1.38591,0.89994
75,Bangladesh,2012,40.94441,1.24653,55.67136,1.30669,0.83101
76,Bangladesh,2013,41.058440000000004,1.31946,55.62967,1.2289299999999999,0.7635
77,Bangladesh,2014,41.17123,1.3932799999999999,55.58548,1.15259,0.6974199999999998
78,Barbados,2009,98.41444,0.26733,,0.0,1.31823
79,Barbados,2010,98.42444,0.26736,,0.0,1.30821
80,Barbados,2011,98.43444000000001,0.26738,,0.0,1.29818
81,Barbados,2012,98.44444,0.26741,,0.0,1.28815
82,Barbados,2013,98.45444000000002,0.26744,,0.0,1.2781200000000001
83,Barbados,2014,98.46444000000001,0.26746,,0.0,1.26809
84,Belarus,2009,8.9313,1.8094299999999999,88.87239,0.0,0.38687
85,Belarus,2010,7.484750000000001,2.09932,90.05456,0.0,0.36136000000000007
86,Belarus,2011,6.066950000000001,2.3921200000000002,91.2051,0.0,0.33583
87,Belarus,2012,4.68159,2.68737,92.32056999999999,0.0,0.31046999999999997
88,Belarus,2013,3.3280599999999994,2.98503,93.40165,0.0,0.28526
89,Belarus,2014,2.0057400000000003,3.285,94.44904000000001,0.0,0.26021
90,Belgium,2009,0.47681,0.0,99.52319,0.0,0.0
91,Belgium,2010,0.47681,0.0,99.52318000000001,0.0,0.0
92,Belgium,2011,0.47681,0.0,99.52318000000001,0.0,0.0
93,Belgium,2012,0.47681,0.0,99.52318000000001,0.0,0.0
94,Belgium,2013,0.47681,0.0,99.52319,0.0,0.0
95,Belgium,2014,0.47681,0.0,99.52319,0.0,0.0
96,Belize,2009,93.28829,1.1659,,1.28179,4.26403
97,Belize,2010,93.93748000000001,1.17667,,1.08122,3.80462
98,Belize,2011,94.5876,1.18725,,0.88036,3.34479
99,Belize,2012,95.23855999999999,1.19764,,0.67935,2.8844599999999994
100,Belize,2013,95.89018,1.2079,,0.47834,2.42358
101,Belize,2014,96.5423,1.21805,,0.21251999999999996,2.02714
102,Benin,2009,64.39618,8.37182,,7.22803,20.003970000000002
103,Benin,2010,64.69237,8.609739999999999,,6.729839999999999,19.96805
104,Benin,2011,64.98122,8.84825,,6.23491,19.93563
105,Benin,2012,65.26279,9.08725,,5.7432300000000005,19.90673
106,Benin,2013,65.53676,9.326789999999999,,5.25496,19.88149
107,Benin,2014,65.8045,9.566230000000001,,4.76971,19.859560000000002
108,Bhutan,2009,58.64085,1.9972,33.18185,4.1169199999999995,2.06318
109,Bhutan,2010,59.07140999999999,2.10207,33.62213,3.47181,1.7325799999999998
110,Bhutan,2011,59.486799999999995,2.20522,34.058820000000004,2.8395999999999995,1.4095600000000001
111,Bhutan,2012,59.889630000000004,2.30658,34.48847,2.22096,1.09436
112,Bhutan,2013,60.28049000000001,2.4061,34.91069,1.6158,0.78692
113,Bhutan,2014,60.65988000000001,2.5037599999999998,35.32535,1.02391,0.48710000000000003
114,Bolivia (Plurinational State of),2009,87.15479,0.07727,,8.6634,4.10454
115,Bolivia (Plurinational State of),2010,87.91365,0.07777,,8.24024,3.7683400000000002
116,Bolivia (Plurinational State of),2011,88.6619,0.07849,,7.825189999999999,3.4344099999999997
117,Bolivia (Plurinational State of),2012,89.39959,0.07922,,7.41842,3.1027800000000005
118,Bolivia (Plurinational State of),2013,90.11291,0.07987999999999999,,7.03118,2.77603
119,Bolivia (Plurinational State of),2014,90.80892999999999,0.08048999999999999,,6.657769999999999,2.4528
120,Bosnia and Herzegovina,2009,8.319239999999999,2.79592,88.42222,0.08839999999999999,0.37422
121,Bosnia and Herzegovina,2010,8.132760000000001,2.98902,88.53672999999999,0.0,0.34148
122,Bosnia and Herzegovina,2011,7.94453,3.1837199999999997,88.65033999999999,0.0,0.22141
123,Bosnia and Herzegovina,2012,7.747739999999999,3.3782900000000002,88.70229,0.0,0.17167999999999997
124,Bosnia and Herzegovina,2013,7.55432,3.5756099999999997,88.79768,0.0,0.07239
125,Bosnia and Herzegovina,2014,7.350939999999999,3.77221,88.81719,0.0,0.05966000000000001
126,Botswana,2009,81.71011999999999,14.7673,,2.0104,1.5121799999999999
127,Botswana,2010,83.04817,13.532360000000002,,1.90783,1.5116399999999999
128,Botswana,2011,84.33697,12.33775,,1.81046,1.51481
129,Botswana,2012,85.42283000000002,11.308259999999999,,1.73996,1.52895
130,Botswana,2013,86.45558999999999,10.32201,,1.6759899999999999,1.54641
131,Botswana,2014,87.46342,9.3561,,1.61466,1.5658100000000001
132,Brazil,2009,96.08819,0.5888800000000001,,1.25322,2.0697099999999997
133,Brazil,2010,96.32925999999999,0.58626,,1.2920399999999999,1.7924400000000003
134,Brazil,2011,96.56647,0.58336,,1.3278299999999998,1.52234
135,Brazil,2012,96.79839,0.5804,,1.36121,1.26
136,Brazil,2013,97.02485,0.57743,,1.33877,1.05895
137,Brazil,2014,97.24637,0.57438,,1.31656,0.8626900000000001
138,Brunei Darussalam,2009,99.90001,0.0,,0.0,0.09998999999999998
139,Brunei Darussalam,2010,99.90001,0.0,,0.0,0.09998999999999998
140,Brunei Darussalam,2011,99.90001,0.0,,0.0,0.09998999999999998
141,Brunei Darussalam,2012,99.90001,0.0,,0.0,0.09998999999999998
142,Brunei Darussalam,2013,99.90001,0.0,,0.0,0.09998999999999998
143,Brunei Darussalam,2014,99.90001,0.0,,0.0,0.09998999999999998
144,Bulgaria,2009,2.73132,0.0,96.70982,,0.55887
145,Bulgaria,2010,2.56683,0.0,96.83096,,0.60221
146,Bulgaria,2011,2.4025,0.0,96.95243,,0.64507
147,Bulgaria,2012,2.23832,0.0,97.07426,,0.68743
148,Bulgaria,2013,2.23616,0.0,97.03456,,0.72928
149,Bulgaria,2014,2.21771,0.0,97.01164999999999,,0.7706399999999999
150,Burkina Faso,2009,51.294340000000005,20.93205,,3.6286099999999997,24.145
151,Burkina Faso,2010,50.8247,21.81932,,3.32001,24.035970000000002
152,Burkina Faso,2011,50.36684,22.69775,,3.01572,23.91969
153,Burkina Faso,2012,49.92089000000001,23.56693,,2.7159,23.79628
154,Burkina Faso,2013,49.48737,24.426370000000002,,2.42063,23.665630000000004
155,Burkina Faso,2014,49.06718,25.275449999999996,,2.13,23.527379999999997
156,Burundi,2009,55.922180000000004,19.55258,,9.75648,14.76876
157,Burundi,2010,56.52312,19.55595,,9.131160000000001,14.789769999999999
158,Burundi,2011,57.12766,19.557029999999997,,8.50646,14.808839999999998
159,Burundi,2012,57.73543000000001,19.555979999999998,,7.88249,14.826089999999999
160,Burundi,2013,58.347409999999996,19.552429999999998,,7.25909,14.841070000000002
161,Burundi,2014,58.96254000000001,19.54681,,6.636500000000001,14.854149999999999
162,Cabo Verde,2009,82.46718,10.651769999999999,,0.16182,6.7192300000000005
163,Cabo Verde,2010,83.01505999999999,10.60492,,0.15932000000000002,6.22069
164,Cabo Verde,2011,83.51176,10.58952,,0.15777,5.740950000000001
165,Cabo Verde,2012,84.0129,10.57452,,0.15622,5.25636
166,Cabo Verde,2013,84.51824,10.56002,,0.15467999999999998,4.76706
167,Cabo Verde,2014,85.02775,10.54601,,0.15315,4.27308
168,Cambodia,2009,44.79756,0.35372,21.18638,18.1038,15.558539999999999
169,Cambodia,2010,45.80022,0.36251000000000005,21.751009999999997,17.19859,14.887660000000002
170,Cambodia,2011,46.79757,0.37171,22.32062,16.29342,14.216679999999998
171,Cambodia,2012,47.78948,0.38134,22.89527,15.388309999999999,13.545589999999999
172,Cambodia,2013,48.77596,0.39146,23.474640000000004,14.48342,12.87453
173,Cambodia,2014,49.7566,0.40210999999999997,24.05955,13.578470000000001,12.203269999999998
174,Cameroon,2009,60.21116,10.963389999999999,,8.26393,20.56152
175,Cameroon,2010,60.2486,11.67331,,8.13618,19.94191
176,Cameroon,2011,60.27081999999999,12.3936,,8.01046,19.325120000000002
177,Cameroon,2012,60.27799000000001,13.1241,,7.886769999999999,18.71115
178,Cameroon,2013,60.26988000000001,13.86461,,7.7652399999999995,18.100270000000002
179,Cameroon,2014,60.246680000000005,14.614989999999999,,7.6458699999999995,17.49246
180,Canada,2009,0.76778,0.0,98.47654,0.0,0.75568
181,Canada,2010,0.7425799999999999,0.0,98.52691,0.0,0.7305
182,Canada,2011,0.7176899999999998,0.0,98.57668000000001,0.0,0.7056399999999999
183,Canada,2012,0.69395,0.0,98.62414,0.0,0.68192
184,Canada,2013,0.6702199999999999,0.0,98.67154999999998,0.0,0.6582399999999999
185,Canada,2014,0.64651,0.0,98.7189,0.0,0.63459
186,Central African Republic,2009,49.04075,17.79255,,4.2983199999999995,28.86838
187,Central African Republic,2010,48.01232000000001,19.02842,,3.9495199999999997,29.009740000000004
188,Central African Republic,2011,46.98291,20.27109,,3.60103,29.14497
189,Central African Republic,2012,45.95257999999999,21.52069,,3.2842,29.24254
190,Central African Republic,2013,46.0378,21.52484,,3.2692900000000003,29.168059999999997
191,Central African Republic,2014,46.129529999999995,21.52931,,3.2532599999999996,29.0879
192,Chad,2009,39.99219,13.23865,,6.43537,40.3338
193,Chad,2010,39.82036,13.697579999999997,,6.32506,40.15699
194,Chad,2011,39.65167,14.160580000000001,,6.21371,39.97404
195,Chad,2012,39.48638,14.62794,,6.10133,39.78435
196,Chad,2013,39.323890000000006,15.100050000000001,,5.98807,39.58798
197,Chad,2014,39.16402,15.57726,,5.87404,39.384679999999996
198,Chile,2009,2.05242,0.0,96.09956,,1.8480099999999997
199,Chile,2010,1.8521299999999998,0.0,96.55402,,1.59384
200,Chile,2011,1.64724,0.0,97.01143,,1.34133
201,Chile,2012,1.4380300000000001,0.0,97.47133000000001,,1.09064
202,Chile,2013,1.22446,0.0,97.93385,0.21667,0.62502
203,Chile,2014,1.09,0.0,98.31007,0.2157,0.38423
204,China,2009,87.73784,0.7387199999999999,,1.65885,9.8646
205,China,2010,88.48476999999998,0.75689,,1.47535,9.283
206,China,2011,89.19269000000001,0.7735,,1.3015700000000001,8.73225
207,China,2012,89.8685,0.7883999999999999,,1.13647,8.20663
208,China,2013,90.51711,0.8013899999999999,,0.97944,7.70205
209,China,2014,91.13934,0.8123900000000001,,0.8304,7.2178700000000005
210,Colombia,2009,23.249309999999998,0.16865,71.32587,2.5577900000000002,2.69838
211,Colombia,2010,23.3557,0.17164000000000001,71.58739,2.4523,2.43298
212,Colombia,2011,23.46105,0.17461000000000002,71.8429,2.34935,2.1720900000000003
213,Colombia,2012,23.56519,0.17757,72.09293000000001,2.2488,1.91551
214,Colombia,2013,23.66844,0.18051000000000003,72.3371,2.01495,1.79899
215,Colombia,2014,23.77086,0.18345,72.57549,1.92589,1.54431
216,Comoros,2009,84.21875,7.4031899999999995,,0.9945200000000001,7.383539999999999
217,Comoros,2010,83.40598,8.10848,,0.91471,7.57083
218,Comoros,2011,82.59788,8.81074,,0.83492,7.756469999999999
219,Comoros,2012,81.79491,9.5099,,0.75517,7.94002
220,Comoros,2013,80.99757,10.2059,,0.67551,8.12102
221,Comoros,2014,80.20603,10.89875,,0.59601,8.2992
222,Congo,2009,26.934659999999997,10.33072,37.8981,7.34903,17.4875
223,Congo,2010,26.262459999999994,10.39668,39.631440000000005,7.2359,16.47351
224,Congo,2011,25.565279999999998,10.44758,41.3869,7.123369999999999,15.47687
225,Congo,2012,25.57899,10.48392,42.42858,7.011239999999998,14.49727
226,Congo,2013,26.0463,10.50619,43.01324,6.89951,13.534770000000002
227,Congo,2014,26.50852,10.51489,43.59852,6.78838,12.58969
228,Costa Rica,2009,6.588239999999999,0.30746,91.29090000000001,0.9255200000000001,0.8878799999999999
229,Costa Rica,2010,6.496010000000001,0.30641,91.70208000000001,0.7542800000000001,0.7412199999999999
230,Costa Rica,2011,6.40428,0.30532,92.09449000000001,0.59475,0.60115
231,Costa Rica,2012,6.316,0.30427,92.46507000000001,0.44693999999999995,0.46773000000000003
232,Costa Rica,2013,6.23134,0.30324,92.8148,0.31006999999999996,0.3405500000000001
233,Costa Rica,2014,6.150380000000001,0.30226,93.14482,0.18337,0.21916999999999998
234,Croatia,2009,6.15088,0.0,93.03062,,0.8185100000000002
235,Croatia,2010,6.64746,0.0,92.61692,,0.7356199999999999
236,Croatia,2011,7.1447899999999995,0.0,92.20156999999999,,0.65364
237,Croatia,2012,7.642880000000001,0.0,91.78465,,0.57247
238,Croatia,2013,8.141689999999999,0.0,91.36606,,0.49223999999999996
239,Croatia,2014,8.641210000000001,0.0,90.94571,,0.41308999999999996
240,Cuba,2009,94.36384,2.06675,,0.52867,3.04073
241,Cuba,2010,94.5065,2.0649,,0.5080399999999999,2.92056
242,Cuba,2011,94.64803,2.06295,,0.48741999999999996,2.8016
243,Cuba,2012,94.78844,2.06091,,0.46681,2.68384
244,Cuba,2013,94.92381,2.06005,,0.44709,2.56905
245,Cuba,2014,95.05771,2.05944,,0.43168999999999996,2.45116
246,Cyprus,2009,1.6964400000000002,0.0,98.09441,0.0,0.20915000000000003
247,Cyprus,2010,1.21261,0.0,98.54854,0.0,0.23885
248,Cyprus,2011,0.72907,0.0,99.00241999999999,0.0,0.26850999999999997
249,Cyprus,2012,0.24582,0.0,99.45607,0.0,0.29812
250,Cyprus,2013,0.0,0.0,99.67228,0.0,0.32771999999999996
251,Cyprus,2014,0.0,0.0,99.64268,0.0,0.3573199999999999
252,Czechia,2009,2.5796,0.0,97.27128,0.0,0.14912
253,Czechia,2010,2.46447,0.0,97.39213000000001,0.0,0.1434
254,Czechia,2011,2.349,0.0,97.51334000000001,0.0,0.13766
255,Czechia,2012,2.2326099999999998,0.0,97.63558,0.0,0.13180999999999998
256,Czechia,2013,2.1158799999999998,0.0,97.75823000000001,0.0,0.12589
257,Czechia,2014,1.99957,0.0,97.88045,0.0,0.11997999999999999
258,Democratic People's Republic of Korea,2009,29.3593,0.6909899999999999,68.02087,,1.92884
259,Democratic People's Republic of Korea,2010,29.172190000000004,0.6899799999999999,67.842,,2.29583
260,Democratic People's Republic of Korea,2011,28.98658,0.68897,67.66362,,2.66082
261,Democratic People's Republic of Korea,2012,28.80181,0.68798,67.48652,,3.02369
262,Democratic People's Republic of Korea,2013,28.618309999999997,0.68698,67.31016,0.27357,3.11097
263,Democratic People's Republic of Korea,2014,28.435870000000005,0.68599,67.13481,0.27231,3.4710199999999998
264,Democratic Republic of the Congo,2009,38.931740000000005,11.45082,,12.935719999999998,36.681709999999995
265,Democratic Republic of the Congo,2010,39.503029999999995,11.521769999999998,,12.397160000000001,36.57804
266,Democratic Republic of the Congo,2011,40.07741,11.59126,,11.86368,36.46765
267,Democratic Republic of the Congo,2012,40.65374,11.6593,,11.33574,36.35122
268,Democratic Republic of the Congo,2013,41.23186,11.72598,,10.81349,36.22867
269,Democratic Republic of the Congo,2014,41.812090000000005,11.79145,,10.29691,36.09955
270,Denmark,2009,4.29833,0.0,95.70167,0.0,0.0
271,Denmark,2010,3.98695,0.0,96.01305,0.0,0.0
272,Denmark,2011,3.675569999999999,0.0,96.32441999999999,0.0,0.0
273,Denmark,2012,3.3642,0.0,96.6358,0.0,0.0
274,Denmark,2013,3.2602099999999994,0.0,96.73979000000001,0.0,0.0
275,Denmark,2014,3.26151,0.0,96.73849,0.0,0.0
276,Djibouti,2009,75.51445,14.75125,,1.71586,8.01845
277,Djibouti,2010,75.51487,14.742020000000002,,1.80582,7.93729
278,Djibouti,2011,75.51925,14.73321,,1.8945599999999996,7.85298
279,Djibouti,2012,75.52741999999999,14.724829999999999,,1.9820200000000001,7.7657300000000005
280,Djibouti,2013,75.53989,14.71693,,2.0680099999999997,7.67518
281,Djibouti,2014,75.5561,14.70951,,2.15254,7.58185
282,Dominican Republic,2009,93.99761,2.02961,,1.6546599999999998,2.31811
283,Dominican Republic,2010,94.40096999999999,1.78826,,1.59863,2.2121299999999997
284,Dominican Republic,2011,94.77665,1.5578899999999998,,1.5493499999999998,2.11611
285,Dominican Republic,2012,95.13077,1.33626,,1.5048900000000003,2.02809
286,Dominican Republic,2013,95.47180999999999,1.12076,,1.46155,1.9458799999999998
287,Dominican Republic,2014,95.80037,0.9111699999999999,,1.41923,1.86923
288,Ecuador,2009,17.61445,0.52071,71.2056,5.507749999999999,5.1515
289,Ecuador,2010,17.78983,0.46270000000000006,71.74486,5.2032,4.79942
290,Ecuador,2011,17.968629999999997,0.40407,72.27468,4.9058,4.44681
291,Ecuador,2012,18.15009,0.34476,72.79785,4.6136,4.0937
292,Ecuador,2013,18.33202,0.28461,73.32098,4.32339,3.7389999999999994
293,Ecuador,2014,18.5145,0.22363000000000002,73.8438,4.03528,3.38279
294,Egypt,2009,98.52761,0.43138999999999994,,0.026410000000000003,1.01458
295,Egypt,2010,98.59971999999999,0.40719,,0.02506,0.9680300000000001
296,Egypt,2011,98.67193000000002,0.38293,,0.02371,0.9214399999999999
297,Egypt,2012,98.74377,0.35874999999999996,,0.022369999999999998,0.8751099999999999
298,Egypt,2013,98.81579,0.3345,,0.02102,0.82868
299,Egypt,2014,98.88798000000001,0.31019,,0.01968,0.7821600000000001
300,El Salvador,2009,88.50999,3.2777,,3.7511099999999993,4.4612099999999995
301,El Salvador,2010,89.82705,2.8336799999999998,,3.5607900000000003,3.7784800000000005
302,El Salvador,2011,91.11933,2.3869,,3.3768800000000003,3.11688
303,El Salvador,2012,92.3861,1.93823,,3.19948,2.4761900000000003
304,El Salvador,2013,93.62684,1.4884700000000002,,3.02862,1.85607
305,El Salvador,2014,94.84168000000001,1.03825,,2.86403,1.25604
306,Equatorial Guinea,2009,59.2918,2.7043699999999995,,13.06033,24.94351
307,Equatorial Guinea,2010,60.441369999999985,2.75876,,11.34504,25.454829999999998
308,Equatorial Guinea,2011,61.62960999999999,2.8148700000000004,,9.69549,25.86003
309,Equatorial Guinea,2012,62.85389,2.8725800000000006,,8.11028,26.16325
310,Equatorial Guinea,2013,63.67150999999999,2.91093,,6.7857899999999995,26.63177
311,Equatorial Guinea,2014,63.926480000000005,2.923,,6.6710899999999995,26.47944
312,Eritrea,2009,49.81032000000001,18.81583,,14.486310000000001,16.887529999999998
313,Eritrea,2010,49.977380000000004,18.55339,,15.60423,15.865
314,Eritrea,2011,50.150529999999996,18.292579999999997,,16.69821,14.858690000000001
315,Eritrea,2012,50.32918,18.03361,,17.76819,13.86903
316,Eritrea,2013,50.70513,17.925720000000002,,17.60369,13.76546
317,Eritrea,2014,51.08356,17.817120000000003,,17.43811,13.661210000000002
318,Estonia,2009,4.16697,0.0,95.31908,0.0,0.51395
319,Estonia,2010,4.1533,0.0,95.37568,0.0,0.47102
320,Estonia,2011,4.47164,0.0,95.10061,0.0,0.42775
321,Estonia,2012,4.7903400000000005,0.0,94.82696,0.0,0.38271000000000005
322,Estonia,2013,5.10939,0.0,94.55417,0.0,0.33644
323,Estonia,2014,5.42871,0.0,94.28071,0.0,0.29059
324,Eswatini,2009,61.66065,7.1150899999999995,,19.44866,11.775600000000003
325,Eswatini,2010,62.746219999999994,7.40437,,18.52448,11.32492
326,Eswatini,2011,63.82331,7.69855,,17.60349,10.87464
327,Eswatini,2012,64.86421,8.00408,,16.69944,10.432269999999999
328,Eswatini,2013,65.89698,8.31516,,15.797649999999999,9.990210000000001
329,Eswatini,2014,66.92128000000001,8.63183,,14.89833,9.54856
330,Ethiopia,2009,24.300120000000003,16.41154,7.42772,20.0527,31.80793
331,Ethiopia,2010,25.192799999999995,17.74877,7.8539699999999995,18.582710000000002,30.621750000000002
332,Ethiopia,2011,26.01921,19.11342,8.303460000000001,17.1229,29.441
333,Ethiopia,2012,26.7804,20.50456,8.776539999999999,15.67326,28.265240000000002
334,Ethiopia,2013,27.473640000000003,21.92278,9.2662,14.237020000000001,27.10037
335,Ethiopia,2014,28.103079999999995,23.366290000000003,9.778410000000001,12.81129,25.940929999999998
336,Fiji,2009,94.16516999999999,0.0,,2.08879,3.7460400000000003
337,Fiji,2010,94.10332999999999,0.0,,2.08053,3.81615
338,Fiji,2011,94.04205,0.0,,2.07252,3.885430000000001
339,Fiji,2012,93.9815,0.0,,2.0647,3.9537999999999998
340,Fiji,2013,93.92134,0.0,,2.0572,4.02146
341,Fiji,2014,93.86182000000001,0.0,,2.04993,4.08825
342,Finland,2009,2.1890400000000003,0.0,97.81095999999998,0.0,0.0
343,Finland,2010,1.59619,0.0,98.40380999999998,0.0,0.0
344,Finland,2011,1.0033299999999998,0.0,98.99667,0.0,0.0
345,Finland,2012,0.41048,0.0,99.58953000000001,0.0,0.0
346,Finland,2013,0.37187,0.0,99.62812000000001,0.0,0.0
347,Finland,2014,0.37062,0.0,99.62938000000001,0.0,0.0
348,France,2009,2.70483,0.0,97.26331999999998,0.0,0.03185
349,France,2010,2.63511,0.0,97.34013,0.0,0.02476
350,France,2011,2.56537,0.0,97.41680000000001,0.0,0.01782
351,France,2012,2.49562,0.0,97.49334,0.0,0.011040000000000001
352,France,2013,2.4258599999999997,0.0,97.56972,0.0,0.00441
353,France,2014,2.35604,0.0,97.64395999999999,0.0,0.0
354,Gabon,2009,83.70043000000001,6.4741800000000005,,6.150980000000001,3.67441
355,Gabon,2010,84.01085,6.7873600000000005,,5.66641,3.53537
356,Gabon,2011,84.29538000000001,7.1006100000000005,,5.19906,3.4049400000000003
357,Gabon,2012,84.55587,7.413700000000001,,4.7478,3.2826400000000002
358,Gabon,2013,84.7922,7.726610000000001,,4.31289,3.1683
359,Gabon,2014,85.00293,8.03963,,3.89545,3.06199
360,Gambia,2009,76.40444000000001,9.63151,,0.03248,13.93157
361,Gambia,2010,76.59436,9.59251,,0.027010000000000003,13.786129999999998
362,Gambia,2011,76.79231999999999,9.54459,,0.02168,13.64141
363,Gambia,2012,76.99876,9.48756,,0.0165,13.497179999999998
364,Gambia,2013,77.21253,9.42201,,0.01152,13.35394
365,Gambia,2014,77.4333,9.34816,,0.0069700000000000005,13.211570000000002
366,Georgia,2009,17.154629999999997,0.85702,78.30735,0.10127000000000001,3.57973
367,Georgia,2010,17.207639999999998,0.8550399999999999,78.52918000000001,0.08886000000000001,3.3192800000000005
368,Georgia,2011,17.26016,0.8530099999999999,78.74871999999999,0.07388,3.06423
369,Georgia,2012,17.31223,0.85093,78.96601,0.06175,2.80908
370,Georgia,2013,17.363789999999998,0.84881,79.18097,0.049819999999999996,2.55661
371,Georgia,2014,18.24776,0.01377,79.39369,0.0381,2.30668
372,Germany,2009,0.20000000000000004,0.0,99.8,0.0,0.0
373,Germany,2010,0.20000000000000004,0.0,99.8,0.0,0.0
374,Germany,2011,0.20000000000000004,0.0,99.8,0.0,0.0
375,Germany,2012,0.20000000000000004,0.0,99.8,0.0,0.0
376,Germany,2013,0.20000000000000004,0.0,99.8,0.0,0.0
377,Germany,2014,0.20000000000000004,0.0,99.8,0.0,0.0
378,Ghana,2009,49.4292,9.25417,23.92735,10.98804,6.4012400000000005
379,Ghana,2010,48.97738999999999,9.19187,25.385990000000003,10.34212,6.102619999999999
380,Ghana,2011,48.497040000000005,9.11975,26.87477,9.70561,5.80283
381,Ghana,2012,47.98857999999999,9.03768,28.393199999999997,9.07865,5.5019
382,Ghana,2013,47.45268000000001,8.9456,29.94032,8.46151,5.1999
383,Ghana,2014,46.88968,8.84342,31.515940000000004,7.854110000000001,4.89685
384,Greece,2009,0.16061,0.0,99.73662,0.0,0.10278
385,Greece,2010,0.11292,0.0,99.81525,0.0,0.07182999999999999
386,Greece,2011,0.06625,0.0,99.89214,0.0,0.04161
387,Greece,2012,0.0206,0.0,99.96731,0.0,0.012089999999999998
388,Greece,2013,0.0,0.0,100.0,0.0,0.0
389,Greece,2014,0.0,0.0,100.0,0.0,0.0
390,Grenada,2009,8.533719999999999,1.15869,86.86476,1.7666700000000002,1.6761700000000002
391,Grenada,2010,8.51357,1.16151,87.11721999999999,2.13333,1.07437
392,Grenada,2011,8.53425,1.1643299999999999,87.32885,2.5,0.47257
393,Grenada,2012,8.54389,1.16564,87.42748999999999,2.8629700000000002,0.0
394,Grenada,2013,8.51338,1.1614799999999998,87.11527,3.20987,0.0
395,Grenada,2014,8.51338,1.1614799999999998,87.11527,3.20987,0.0
396,Guatemala,2009,38.72312,0.77377,51.6278,2.41995,6.45536
397,Guatemala,2010,38.6486,0.80898,52.193220000000004,2.3172599999999997,6.031940000000001
398,Guatemala,2011,38.568020000000004,0.8443200000000001,52.76095,2.21532,5.61139
399,Guatemala,2012,38.48122,0.87975,53.33138,2.11407,5.19359
400,Guatemala,2013,38.38713,0.9151299999999999,53.90662,2.01308,4.77804
401,Guatemala,2014,38.28546,0.9504100000000001,54.486790000000006,1.9124100000000002,4.36492
402,Guinea,2009,63.07372,9.262310000000001,,13.413379999999998,14.250589999999997
403,Guinea,2010,62.998430000000006,10.28154,,13.149329999999999,13.5707
404,Guinea,2011,62.90121,11.32137,,12.8866,12.89082
405,Guinea,2012,62.78228000000001,12.381570000000002,,12.625189999999998,12.21096
406,Guinea,2013,62.64186,13.461910000000001,,12.365110000000001,11.53112
407,Guinea,2014,62.4802,14.56214,,12.10636,10.8513
408,Guinea-Bissau,2009,60.89321999999999,5.3377799999999995,,1.49371,32.275290000000005
409,Guinea-Bissau,2010,61.70735,5.548719999999999,,1.34558,31.398350000000004
410,Guinea-Bissau,2011,62.51734000000001,5.763330000000001,,1.19872,30.520609999999994
411,Guinea-Bissau,2012,63.3235,5.98163,,1.05312,29.64175
412,Guinea-Bissau,2013,64.12550999999999,6.20358,,0.9088200000000001,28.762079999999997
413,Guinea-Bissau,2014,64.92369000000001,6.429190000000001,,0.7658200000000001,27.8813
414,Guyana,2009,92.16450000000002,1.73497,,3.19638,2.9041599999999996
415,Guyana,2010,92.63911999999999,1.6887299999999998,,3.0429,2.62925
416,Guyana,2011,93.11453,1.6423499999999998,,2.8886,2.35452
417,Guyana,2012,93.6057,1.5943200000000004,,2.7248700000000006,2.07511
418,Guyana,2013,94.09735,1.5458,,2.56819,1.78866
419,Guyana,2014,94.73886,1.30512,,2.41431,1.54172
420,Haiti,2009,61.71658,8.26197,,6.025479999999999,23.99598
421,Haiti,2010,62.200790000000005,8.420860000000001,,5.063969999999999,24.31438
422,Haiti,2011,62.6818,8.57997,,4.123419999999999,24.6148
423,Haiti,2012,63.159659999999995,8.739239999999999,,3.2038999999999995,24.8972
424,Haiti,2013,63.632690000000004,8.89885,,2.3056200000000002,25.16284
425,Haiti,2014,64.10224000000001,9.05857,,1.42844,25.410749999999997
426,Honduras,2009,90.34546999999999,0.37838,,1.34511,7.931030000000001
427,Honduras,2010,90.92673,0.39093,,1.11531,7.56703
428,Honduras,2011,91.50076,0.40299999999999997,,0.8912100000000001,7.2050399999999994
429,Honduras,2012,92.06797999999999,0.41455,,0.67274,6.844730000000001
430,Honduras,2013,92.62791999999997,0.4256,,0.45996,6.48652
431,Honduras,2014,93.18098000000002,0.43611000000000005,,0.25282,6.1301
432,Hungary,2009,32.73041,0.0,67.23807,0.0,0.03152
433,Hungary,2010,29.94224,0.0,70.02669,0.0,0.03107
434,Hungary,2011,27.15404,0.0,72.81534,0.0,0.030619999999999998
435,Hungary,2012,24.365779999999997,0.0,75.60391,0.0,0.030300000000000004
436,Hungary,2013,21.5775,0.0,78.39246999999999,0.0,0.03002
437,Hungary,2014,18.78921,0.0,81.18104,0.0,0.02975
438,Iceland,2009,4.81802,0.0,95.18198000000001,0.0,0.0
439,Iceland,2010,4.1911,0.0,95.8089,0.0,0.0
440,Iceland,2011,3.5641699999999994,0.0,96.43581999999999,0.0,0.0
441,Iceland,2012,2.93725,0.0,97.06275,0.0,0.0
442,Iceland,2013,2.31033,0.0,97.68966999999999,0.0,0.0
443,Iceland,2014,1.6834,0.0,98.3166,0.0,0.0
444,India,2009,86.12248000000001,3.24307,,1.0247899999999999,9.60966
445,India,2010,86.94367,2.9434,,0.9897899999999998,9.12314
446,India,2011,87.76416,2.64074,,0.9551299999999999,8.63997
447,India,2012,88.58461,2.335,,0.92074,8.15964
448,India,2013,89.40461999999998,2.0263299999999997,,0.88666,7.6824
449,India,2014,90.22395,1.71481,,0.85288,7.208360000000002
450,Indonesia,2009,83.54684,0.68858,,2.47666,13.287920000000002
451,Indonesia,2010,84.32186,0.7766100000000001,,2.34425,12.55729
452,Indonesia,2011,85.06897,0.86553,,2.21779,11.847699999999998
453,Indonesia,2012,85.80625000000002,0.95524,,2.0933200000000003,11.145180000000002
454,Indonesia,2013,86.53343000000001,1.0457,,1.97091,10.44996
455,Indonesia,2014,87.25106,1.13685,,1.85043,9.761660000000001
456,Iran (Islamic Republic of),2009,3.62678,2.04882,91.50196999999999,0.16307,2.65936
457,Iran (Islamic Republic of),2010,3.60181,2.03043,91.51325000000001,0.14931,2.7052
458,Iran (Islamic Republic of),2011,3.5771599999999997,2.01227,91.52379,0.1359,2.75089
459,Iran (Islamic Republic of),2012,3.5532800000000004,1.9947,91.53213000000001,0.12286000000000001,2.7970400000000004
460,Iran (Islamic Republic of),2013,3.5300099999999994,1.97758,91.53874,0.11018,2.84348
461,Iran (Islamic Republic of),2014,3.5094300000000005,1.9620400000000002,91.60413,0.10817,2.8162299999999996
462,Iraq,2009,34.37283,1.33273,54.65036999999999,5.98273,3.661330000000001
463,Iraq,2010,34.79963,1.3451700000000002,55.17436999999999,5.36423,3.3165999999999998
464,Iraq,2011,35.22279,1.3556700000000002,55.70583000000001,4.74364,2.97208
465,Iraq,2012,35.64317,1.36546,56.23398,4.1279900000000005,2.6293900000000003
466,Iraq,2013,36.060790000000004,1.37458,56.75886,3.51725,2.2885299999999997
467,Iraq,2014,36.475609999999996,1.3829799999999999,57.28068,2.91127,1.9494599999999995
468,Ireland,2009,1.6917400000000002,0.0,95.60884,0.0,2.69942
469,Ireland,2010,1.42011,0.0,95.89279,0.0,2.68709
470,Ireland,2011,1.14842,0.0,96.17665,0.0,2.67493
471,Ireland,2012,0.87665,0.0,96.46043000000002,0.0,2.66292
472,Ireland,2013,0.60482,0.0,96.7441,0.0,2.65108
473,Ireland,2014,0.33292,0.0,97.02767999999999,0.0,2.6394
474,Israel,2009,0.19116999999999998,0.0,99.80883,0.0,0.0
475,Israel,2010,0.24468,0.0,99.75533,0.0,0.0
476,Israel,2011,0.29815,0.0,99.70185,0.0,0.0
477,Israel,2012,0.35159,0.0,99.64841,0.0,0.0
478,Israel,2013,0.40499,0.0,99.59501,0.0,0.0
479,Israel,2014,0.45835,0.0,99.54165,0.0,0.0
480,Italy,2009,8.38446,0.0,91.28634,0.0,0.3292
481,Italy,2010,7.81354,0.0,91.81139,0.0,0.37506
482,Italy,2011,7.24315,0.0,92.33593,0.0,0.42091999999999996
483,Italy,2012,6.673280000000001,0.0,92.86005,0.0,0.46667
484,Italy,2013,6.103940000000001,0.0,93.38371,0.0,0.51235
485,Italy,2014,5.53512,0.0,93.90689000000002,0.0,0.55799
486,Jamaica,2009,91.62727,3.37036,,2.28952,2.71285
487,Jamaica,2010,91.26319000000001,3.88067,,2.20066,2.65548
488,Jamaica,2011,90.89815,4.39131,,2.1123,2.59823
489,Jamaica,2012,90.53372,4.90156,,2.02391,2.54081
490,Jamaica,2013,90.17014,5.411169999999999,,1.9354900000000004,2.4832
491,Jamaica,2014,90.31851999999999,5.408919999999999,,1.8471400000000002,2.42542
492,Japan,2009,0.5974,0.0,98.09114,0.0,1.31146
493,Japan,2010,0.59231,0.0,98.13644000000001,0.0,1.27125
494,Japan,2011,0.5872,0.0,98.18175000000001,0.0,1.23104
495,Japan,2012,0.5821,0.0,98.22706999999998,0.0,1.1908299999999998
496,Japan,2013,0.57699,0.0,98.27239000000002,0.0,1.1506299999999998
497,Japan,2014,0.57187,0.0,98.31770999999999,0.0,1.11042
498,Jordan,2009,5.2701199999999995,0.0,93.88553,0.16166,0.68269
499,Jordan,2010,5.24107,0.0,93.89303000000001,0.16224,0.7036600000000001
500,Jordan,2011,5.21381,0.0,93.89775000000002,0.16277,0.7256600000000001
501,Jordan,2012,5.18823,0.0,93.89987,0.16328,0.74862
502,Jordan,2013,5.16438,0.0,93.89931,0.16374,0.77257
503,Jordan,2014,5.14205,0.0,93.89636999999999,0.16417,0.7974
504,Kazakhstan,2009,17.0857,4.23771,73.41849,0.8450200000000002,4.41309
505,Kazakhstan,2010,15.765,3.93641,75.44648000000001,0.7362100000000001,4.11589
506,Kazakhstan,2011,14.430489999999999,3.6319199999999996,77.4911,0.61922,3.82727
507,Kazakhstan,2012,13.08245,3.324309999999999,79.55185999999999,0.5283,3.5130800000000004
508,Kazakhstan,2013,11.71831,3.01261,81.5865,0.43768,3.2449099999999995
509,Kazakhstan,2014,10.335939999999999,2.6958599999999997,83.54642,0.34736999999999996,3.07441
510,Kenya,2009,53.670880000000004,7.84428,,24.49041,13.99443
511,Kenya,2010,54.344640000000005,7.998880000000001,,23.92272,13.73375
512,Kenya,2011,55.01381,8.152999999999999,,23.359920000000002,13.473270000000001
513,Kenya,2012,55.677719999999994,8.306610000000001,,22.80251,13.21316
514,Kenya,2013,56.33693,8.459539999999999,,22.2503,12.95323
515,Kenya,2014,56.9904,8.6118,,21.704040000000003,12.693760000000003
516,Kiribati,2009,61.456730000000015,0.76107,,0.0,37.7822
517,Kiribati,2010,62.72664,0.7768,,0.0,36.496559999999995
518,Kiribati,2011,63.99654,0.7925300000000001,,0.0,35.21093
519,Kiribati,2012,65.26645,0.80825,,0.0,33.9253
520,Kiribati,2013,66.53635,0.82398,,0.0,32.63967
521,Kiribati,2014,67.80626,0.8397100000000001,,0.0,31.354029999999998
522,Kuwait,2009,0.0,0.0,100.0,0.0,0.0
523,Kuwait,2010,0.0,0.0,100.0,0.0,0.0
524,Kuwait,2011,0.0,0.0,100.0,0.0,0.0
525,Kuwait,2012,0.0,0.0,100.0,0.0,0.0
526,Kuwait,2013,0.0,0.0,100.0,0.0,0.0
527,Kuwait,2014,0.0,0.0,100.0,0.0,0.0
528,Kyrgyzstan,2009,28.940569999999997,1.42117,55.464369999999995,11.1171,3.056790000000001
529,Kyrgyzstan,2010,27.64238,1.47656,57.223319999999994,10.80541,2.8523400000000003
530,Kyrgyzstan,2011,26.31645,1.5322500000000001,59.01343000000001,10.490680000000001,2.64719
531,Kyrgyzstan,2012,24.96302,1.5881800000000001,60.83437,10.1733,2.4411400000000003
532,Kyrgyzstan,2013,23.583170000000006,1.6443400000000004,62.68440999999999,9.85402,2.23406
533,Kyrgyzstan,2014,22.17671,1.70061,64.55478000000001,9.53303,2.03487
534,Lao People's Democratic Republic,2009,53.143719999999995,1.05855,12.90685,12.78562,20.10527
535,Lao People's Democratic Republic,2010,54.76603000000001,1.05856,13.301420000000002,11.49365,19.38034
536,Lao People's Democratic Republic,2011,56.3774,1.0563,13.69674,10.21694,18.65263
537,Lao People's Democratic Republic,2012,57.9776,1.05182,14.092970000000001,8.95565,17.92197
538,Lao People's Democratic Republic,2013,59.56596999999999,1.04522,14.489470000000003,7.7104800000000004,17.188860000000002
539,Lao People's Democratic Republic,2014,61.14253,1.03653,14.88671,6.48136,16.45287
540,Latvia,2009,4.65381,0.6767499999999999,93.55994,0.0,1.1094899999999999
541,Latvia,2010,4.50275,0.67705,93.76279,0.0,1.05741
542,Latvia,2011,4.35135,0.6773600000000001,93.96592,0.0,1.00537
543,Latvia,2012,4.19974,0.67767,94.16918000000003,0.0,0.9534100000000002
544,Latvia,2013,4.0479,0.67799,94.37258000000001,0.0,0.9015299999999998
545,Latvia,2014,3.8959500000000005,0.67829,94.57601,0.0,0.8497499999999999
546,Lebanon,2009,43.403009999999995,7.15328,46.10966,0.08427999999999998,3.2497599999999998
547,Lebanon,2010,43.62489,7.18985,46.34537,0.08427999999999998,2.7556099999999994
548,Lebanon,2011,43.846759999999996,7.22642,46.58108000000001,0.08427999999999998,2.26146
549,Lebanon,2012,44.068639999999995,7.2629800000000015,46.816790000000005,0.08427999999999998,1.7672999999999999
550,Lebanon,2013,44.290510000000005,7.29955,47.052510000000005,0.08427999999999998,1.27315
551,Lebanon,2014,44.51239,7.336119999999998,47.28822,0.08427999999999998,0.779
552,Lesotho,2009,67.85714,10.86997,,3.5992599999999997,17.67363
553,Lesotho,2010,67.95633000000001,10.71551,,4.07869,17.249470000000002
554,Lesotho,2011,68.06931999999999,10.55096,,4.55184,16.82788
555,Lesotho,2012,68.16004000000001,10.38782,,5.025980000000001,16.42615
556,Lesotho,2013,68.26103,10.21684,,5.49533,16.02681
557,Lesotho,2014,68.3727,10.03783,,5.95974,15.62973
558,Liberia,2009,68.75152,5.11795,,14.730780000000001,11.39975
559,Liberia,2010,69.30095,5.46474,,14.559170000000002,10.675139999999999
560,Liberia,2011,69.84359,5.818450000000001,,14.383189999999999,9.95477
561,Liberia,2012,70.37892,6.17886,,14.20328,9.23893
562,Liberia,2013,70.90736,6.54598,,14.018880000000001,8.52777
563,Liberia,2014,71.42843,6.9195899999999995,,13.830420000000002,7.821560000000001
564,Libya,2009,92.30263000000001,0.0,,0.0,7.697369999999999
565,Libya,2010,93.19211,0.0,,0.0,6.8078899999999996
566,Libya,2011,94.08157999999999,0.0,,0.0,5.91842
567,Libya,2012,94.97105,0.0,,0.0,5.02895
568,Libya,2013,95.86053,0.0,,0.0,4.139469999999999
569,Libya,2014,96.75,0.0,,0.0,3.25
570,Lithuania,2009,13.6353,0.0,80.16235,0.0,6.20235
571,Lithuania,2010,12.30299,0.0,81.94575999999999,0.0,5.751259999999999
572,Lithuania,2011,10.958419999999998,0.0,83.75119000000001,0.0,5.29039
573,Lithuania,2012,9.60179,0.0,85.58459999999998,0.0,4.81361
574,Lithuania,2013,8.230830000000001,0.0,87.43019,0.0,4.33898
575,Lithuania,2014,6.8456399999999995,0.0,89.28796,0.0,3.8664
576,Luxembourg,2009,0.0,0.0,100.0,0.0,0.0
577,Luxembourg,2010,0.0,0.0,100.0,0.0,0.0
578,Luxembourg,2011,0.0,0.0,100.0,0.0,0.0
579,Luxembourg,2012,0.03221,0.0,99.95498000000002,0.0,0.0128
580,Luxembourg,2013,0.062349999999999996,0.0,99.9029,0.0,0.03475
581,Luxembourg,2014,0.09055,0.0,99.85406,0.0,0.0554
582,Madagascar,2009,44.95406,2.08207,,25.74204,27.221819999999997
583,Madagascar,2010,46.09624,1.9719500000000003,,24.0745,27.8573
584,Madagascar,2011,47.2498,1.85631,,22.41743,28.47646
585,Madagascar,2012,48.41475,1.73515,,20.770970000000002,29.079130000000003
586,Madagascar,2013,49.590650000000004,1.60848,,19.135479999999998,29.665390000000002
587,Madagascar,2014,50.77799000000001,1.47633,,17.51085,30.23483
588,Malawi,2009,61.41658,17.06571,,5.06609,16.451620000000002
589,Malawi,2010,62.34785,17.42285,,4.73004,15.499270000000001
590,Malawi,2011,63.278690000000005,17.77955,,4.39427,14.547490000000002
591,Malawi,2012,64.20844,18.13585,,4.05895,13.596759999999998
592,Malawi,2013,65.1372,18.491429999999998,,3.72416,12.647210000000001
593,Malawi,2014,66.06406,18.846420000000002,,3.39011,11.699419999999998
594,Malaysia,2009,3.7551099999999997,0.37491,93.22699,,2.64299
595,Malaysia,2010,3.69506,0.37222,93.25095,,2.68177
596,Malaysia,2011,3.6441,0.36990000000000006,93.25924000000002,,2.72676
597,Malaysia,2012,3.5954099999999998,0.36769,93.26658000000002,,2.77032
598,Malaysia,2013,3.54773,0.36552999999999997,93.27569999999999,,2.81104
599,Malaysia,2014,3.50089,0.36341,93.28694,,2.84876
600,Maldives,2009,96.70452,0.22004,,0.0,3.07545
601,Maldives,2010,97.12307,0.20247,,0.0,2.67446
